0 0.057156 0.487438 0.114312 0.162457
0 0.561663 0.660142 0.205254 0.365853
0 0.185860 0.379816 0.131627 0.147159
0 0.467518 0.245519 0.042935 0.047841
0 0.621014 0.454994 0.112687 0.179952
0 0.391762 0.273531 0.050401 0.061885
1 0.250889 0.422441 0.050993 0.124233
1 0.553855 0.299085 0.017146 0.051801
0 0.431540 0.261376 0.037555 0.057304
0 0.342654 0.298224 0.055602 0.072948
1 0.513196 0.328150 0.025149 0.075828
0 0.276677 0.324603 0.074069 0.097692
0 0.555196 0.201836 0.029819 0.034869
1 0.726007 0.348259 0.056586 0.070220