0 0.055601 0.469971 0.111203 0.127052
0 0.561929 0.660660 0.205256 0.364393
0 0.623651 0.454728 0.112132 0.176506
0 0.655597 0.282239 0.037437 0.061766
0 0.431553 0.262208 0.036982 0.056270
1 0.033559 0.875915 0.066744 0.183764
0 0.470240 0.257356 0.044552 0.069816
0 0.394196 0.273923 0.048984 0.062478
1 0.302904 0.412816 0.042068 0.098919
1 0.024608 0.578919 0.049215 0.191120
1 0.302808 0.417417 0.039795 0.090230
1 0.157283 0.505032 0.062994 0.122686
0 0.202284 0.358989 0.098586 0.106461
0 0.640647 0.224766 0.026492 0.039208