0 0.055502 0.475390 0.111004 0.137702
0 0.561996 0.659758 0.205802 0.363330
0 0.186639 0.380018 0.131760 0.147182
0 0.467485 0.245951 0.041654 0.049108
0 0.394019 0.274577 0.046315 0.065674
0 0.621083 0.456717 0.113882 0.181915
0 0.546432 0.287890 0.059401 0.074148
1 0.045089 0.736580 0.089316 0.268808
0 0.654404 0.281947 0.035280 0.063448
0 0.341215 0.301919 0.070944 0.075631
0 0.277206 0.327771 0.075025 0.102475
1 0.044034 0.696322 0.087347 0.183518
0 0.344902 0.298839 0.063847 0.071314
1 0.045202 0.730949 0.089947 0.282685