0 0.053474 0.487217 0.106947 0.163100
0 0.561348 0.659133 0.205819 0.363453
0 0.377629 0.356505 0.112506 0.139852
1 0.228883 0.726277 0.105509 0.215210
0 0.622774 0.453822 0.113289 0.175739
0 0.183681 0.380131 0.131504 0.150376
0 0.273839 0.329358 0.078493 0.104149
0 0.430894 0.258676 0.040089 0.054950
0 0.655484 0.283373 0.036400 0.059451
0 0.554377 0.202750 0.028664 0.034084
0 0.477187 0.256749 0.059370 0.066694
0 0.332279 0.311901 0.073844 0.092003
1 0.088290 0.536454 0.059067 0.111765
0 0.467281 0.247267 0.042984 0.051256