0 0.053819 0.486464 0.107637 0.163289
0 0.561662 0.660366 0.206181 0.363770
0 0.507908 0.343150 0.104439 0.137543
0 0.536355 0.237825 0.041909 0.053803
0 0.468316 0.244930 0.045061 0.049763
0 0.621818 0.455918 0.111688 0.178922
0 0.431939 0.261589 0.039135 0.057115
0 0.392923 0.274557 0.048827 0.065717
0 0.278572 0.326695 0.079351 0.099576
1 0.136710 0.491056 0.057427 0.123455
0 0.655006 0.282849 0.036689 0.061557
0 0.208811 0.356615 0.081740 0.097858
0 0.640078 0.222218 0.026338 0.043823
0 0.340527 0.303522 0.069047 0.075721
0 0.330293 0.310759 0.044117 0.062872
0 0.343557 0.300141 0.062105 0.069896