0 0.054478 0.485567 0.108955 0.160478
0 0.561819 0.660128 0.206518 0.363401
1 0.184137 0.693634 0.101895 0.159109
0 0.431430 0.260655 0.039020 0.057564
0 0.468335 0.244451 0.046724 0.048669
0 0.622504 0.455095 0.113619 0.178752
0 0.655940 0.282472 0.037680 0.058863
0 0.280104 0.328685 0.084550 0.103287
0 0.178905 0.389917 0.115162 0.129539
0 0.343768 0.299293 0.061330 0.065818
0 0.215241 0.355928 0.085642 0.097429
0 0.552439 0.204370 0.028776 0.035787
0 0.392452 0.274932 0.048635 0.066927
0 0.640753 0.226314 0.024570 0.034508
0 0.177197 0.402281 0.110865 0.103025