0 0.055254 0.486181 0.110507 0.161077
0 0.466950 0.245615 0.041978 0.046071
0 0.622991 0.455490 0.112283 0.176459
0 0.275623 0.328989 0.078555 0.103848
0 0.431267 0.261011 0.036297 0.056577
0 0.562605 0.658159 0.202247 0.357661
0 0.393284 0.273505 0.050203 0.069511
0 0.655268 0.282562 0.037093 0.061356
0 0.204729 0.355598 0.089358 0.099093
2 0.562605 0.658159 0.202247 0.357661
0 0.343134 0.301812 0.071581 0.075156
0 0.178013 0.406863 0.113724 0.091176
0 0.180907 0.382013 0.120144 0.143448
0 0.346289 0.299126 0.063959 0.071005