0 0.054009 0.486036 0.108019 0.161571
0 0.561729 0.660315 0.205443 0.364600
0 0.655669 0.282441 0.037686 0.063617
0 0.275661 0.329369 0.077347 0.105186
0 0.431420 0.261923 0.035372 0.057584
1 0.224488 0.436342 0.051844 0.142850
0 0.621491 0.455385 0.114547 0.173264
0 0.181289 0.379444 0.118828 0.147955
0 0.393800 0.275038 0.048449 0.066827
0 0.490803 0.272184 0.046255 0.060896
0 0.466908 0.246163 0.040630 0.046382
1 0.517727 0.321026 0.027987 0.082732
0 0.346227 0.298773 0.058787 0.069856
0 0.640683 0.225563 0.024589 0.042978
1 0.519143 0.340809 0.025774 0.045973
0 0.555460 0.199357 0.031015 0.044257
0 0.329239 0.318000 0.037398 0.052352