0 0.055048 0.486196 0.110096 0.160724
0 0.622862 0.455195 0.112220 0.176248
0 0.275669 0.329288 0.077094 0.104041
0 0.466145 0.244678 0.038905 0.043006
0 0.431335 0.261198 0.036198 0.056728
0 0.183747 0.377895 0.124789 0.148497
0 0.393346 0.273932 0.048829 0.068361
2 0.564333 0.661955 0.198889 0.366278
0 0.654473 0.282291 0.035855 0.060605
0 0.564333 0.661955 0.198889 0.366278
1 0.508093 0.317218 0.021597 0.049655
1 0.507602 0.305953 0.022120 0.070144
0 0.345668 0.296856 0.067829 0.070002
0 0.640702 0.224777 0.025587 0.039958