0 0.054197 0.486677 0.108394 0.161947
1 0.285890 0.430870 0.050603 0.140301
0 0.561897 0.660318 0.204429 0.364598
0 0.466614 0.246546 0.042179 0.048658
0 0.430695 0.261995 0.037156 0.055645
1 0.168836 0.475318 0.056853 0.145423
1 0.168532 0.476999 0.056046 0.144495
0 0.621893 0.456160 0.110211 0.174416
0 0.655516 0.282180 0.037275 0.063258
1 0.430794 0.373981 0.030220 0.112836
0 0.393173 0.275324 0.048991 0.066812
1 0.431517 0.372204 0.031863 0.116300
0 0.639664 0.223558 0.028101 0.045588
0 0.149376 0.405668 0.052471 0.083408
0 0.346225 0.299732 0.059849 0.069903