0 0.057654 0.486181 0.115308 0.160816
0 0.551050 0.238418 0.036964 0.053859
0 0.393127 0.274668 0.049574 0.065655
0 0.277551 0.339994 0.088107 0.116375
0 0.654281 0.283229 0.036647 0.064205
2 0.561208 0.660545 0.205492 0.364551
0 0.622465 0.456335 0.115705 0.179109
0 0.181251 0.383136 0.120030 0.141075
0 0.467411 0.245820 0.042409 0.042500
1 0.603319 0.272469 0.016720 0.058977
0 0.561208 0.660545 0.205492 0.364551
0 0.206715 0.357819 0.087377 0.097214
0 0.428293 0.261640 0.029389 0.057561
0 0.639252 0.227721 0.028032 0.032787
0 0.343818 0.300127 0.063929 0.070187
0 0.346284 0.299893 0.057424 0.070198