0 0.054316 0.487097 0.108633 0.164512
0 0.561734 0.659050 0.205666 0.363416
0 0.187318 0.380001 0.132556 0.146950
0 0.431735 0.260023 0.039579 0.056823
0 0.467395 0.247757 0.044633 0.055786
0 0.277709 0.328916 0.079253 0.104362
0 0.622617 0.456345 0.114205 0.180014
1 0.530629 0.317759 0.026559 0.077203
0 0.392670 0.274947 0.049270 0.066576
0 0.342306 0.303087 0.072510 0.074760
0 0.639853 0.224979 0.025703 0.037771
1 0.438470 0.480397 0.052196 0.130023
0 0.546170 0.269808 0.051665 0.074246
0 0.606595 0.195086 0.018683 0.026278
1 0.437798 0.466306 0.050880 0.157521