0 0.054029 0.456779 0.108057 0.102346
0 0.561785 0.659800 0.205517 0.363450
0 0.060732 0.639303 0.121139 0.285457
0 0.467801 0.244721 0.046283 0.048237
0 0.393302 0.273454 0.048530 0.062840
0 0.622870 0.454546 0.112763 0.176469
0 0.276025 0.328199 0.077945 0.101267
0 0.431016 0.260729 0.038946 0.054579
1 0.173200 0.487046 0.055699 0.112637
0 0.181510 0.379282 0.121896 0.142428
0 0.656004 0.282766 0.037788 0.058906
0 0.553555 0.202448 0.027431 0.036357
0 0.340886 0.302915 0.069026 0.072781
0 0.180808 0.380212 0.119818 0.141458
1 0.039919 0.883892 0.079143 0.213860
0 0.342955 0.300254 0.062692 0.067547
1 0.576551 0.266660 0.016423 0.063171