0 0.054150 0.486389 0.108300 0.162008
0 0.561495 0.661298 0.204965 0.364751
1 0.228380 0.586069 0.083925 0.149577
0 0.393568 0.275417 0.051535 0.066983
0 0.467721 0.246185 0.043035 0.049843
1 0.133658 0.510019 0.064910 0.119206
1 0.521006 0.324381 0.025890 0.053309
0 0.431585 0.261659 0.039104 0.057829
0 0.622180 0.432834 0.109332 0.134933
0 0.621313 0.455140 0.112479 0.175521
1 0.339380 0.523980 0.059193 0.111496
0 0.207616 0.356623 0.094962 0.096382
1 0.435384 0.432056 0.034906 0.080452
0 0.187093 0.378291 0.131167 0.145693