0 0.054732 0.483625 0.109463 0.155071
0 0.561690 0.662433 0.204894 0.366409
0 0.082280 0.788066 0.164560 0.261419
0 0.466470 0.245683 0.042413 0.047579
0 0.392576 0.273933 0.048930 0.066002
0 0.431477 0.261196 0.039040 0.057907
0 0.622173 0.455484 0.111168 0.179379
0 0.179854 0.386923 0.120306 0.134254
0 0.277848 0.327489 0.078160 0.100219
0 0.640008 0.226076 0.024813 0.035533
0 0.654300 0.283059 0.035564 0.058942
0 0.580677 0.201859 0.024575 0.037210
0 0.177556 0.405069 0.114803 0.094579
1 0.578539 0.292634 0.020459 0.077007
0 0.553392 0.202404 0.025579 0.034662
1 0.044302 0.602285 0.082921 0.144169