0 0.054598 0.486967 0.109196 0.164299
0 0.184368 0.378631 0.125008 0.147064
0 0.561872 0.661100 0.205690 0.364972
0 0.622277 0.455203 0.112806 0.179626
0 0.275623 0.328086 0.080611 0.105078
0 0.430531 0.260859 0.036245 0.056116
0 0.392816 0.274527 0.047354 0.063942
0 0.485477 0.264779 0.052535 0.063385
0 0.545314 0.239787 0.040446 0.049456
1 0.544732 0.322074 0.026923 0.092927
0 0.341065 0.303388 0.067312 0.073192
1 0.545016 0.342229 0.025426 0.052756
0 0.655116 0.283367 0.036200 0.058768
0 0.331785 0.306897 0.045555 0.066190
0 0.458944 0.245075 0.027810 0.034647
0 0.633213 0.220551 0.036747 0.048451