0 0.056935 0.485978 0.113870 0.162359
0 0.561565 0.659233 0.205187 0.362606
0 0.566930 0.258061 0.049668 0.058147
0 0.276262 0.328799 0.078181 0.103386
0 0.622028 0.456989 0.111555 0.181204
0 0.394031 0.276684 0.051388 0.069851
0 0.430897 0.260165 0.038809 0.057125
0 0.177713 0.390783 0.114401 0.125090
0 0.654361 0.283607 0.036237 0.061174
0 0.465437 0.245948 0.039715 0.046764
1 0.513640 0.387486 0.028964 0.071460
0 0.519774 0.309055 0.061093 0.063178
0 0.176095 0.401892 0.110934 0.100553
1 0.415306 0.337377 0.025132 0.086343
1 0.458647 0.336379 0.024871 0.098357
1 0.509662 0.391914 0.020591 0.063026