0 0.055448 0.486781 0.110896 0.161857
0 0.431317 0.261581 0.037557 0.056831
0 0.392916 0.274574 0.048572 0.065650
0 0.561299 0.661360 0.204125 0.368010
0 0.654430 0.283297 0.035097 0.060390
0 0.277305 0.327893 0.073938 0.100311
0 0.179893 0.385216 0.117219 0.137063
0 0.621138 0.457005 0.112283 0.177586
0 0.466689 0.256862 0.040153 0.068625
0 0.640552 0.223154 0.025504 0.042622
0 0.341788 0.301960 0.071166 0.072488
0 0.345767 0.299378 0.061010 0.068522
0 0.215028 0.354124 0.093288 0.096265
0 0.177512 0.403740 0.111647 0.096427
2 0.561299 0.661360 0.204125 0.368010