0 0.053584 0.486578 0.107012 0.161764
0 0.561899 0.661975 0.205333 0.365397
0 0.392715 0.274358 0.049379 0.066140
0 0.431401 0.261198 0.036755 0.055988
0 0.467183 0.246211 0.041787 0.047186
0 0.275940 0.327960 0.076850 0.099958
0 0.655011 0.283019 0.036678 0.060263
0 0.621268 0.454719 0.114149 0.177231
1 0.102784 0.566042 0.079463 0.121732
0 0.621881 0.456028 0.112726 0.179574
0 0.174675 0.404127 0.110329 0.095018
0 0.206869 0.354965 0.095060 0.092938
1 0.543000 0.363210 0.022807 0.065480
0 0.639803 0.227417 0.025565 0.039222
0 0.554121 0.202265 0.028161 0.034685