0 0.055723 0.486601 0.111447 0.162971
0 0.431550 0.260479 0.039428 0.057082
0 0.562064 0.659026 0.205745 0.361552
0 0.468150 0.245053 0.046742 0.048968
0 0.275888 0.327746 0.080929 0.099424
0 0.622503 0.455611 0.112915 0.180647
0 0.180939 0.380256 0.119231 0.146574
0 0.393307 0.274736 0.047915 0.064504
0 0.554978 0.217333 0.036510 0.059022
0 0.655340 0.282148 0.036637 0.061745
1 0.532073 0.295478 0.022965 0.081620
2 0.554978 0.217333 0.036510 0.059022
0 0.592098 0.205802 0.028254 0.041765
0 0.331613 0.311433 0.040607 0.056964
0 0.593191 0.209741 0.026845 0.033247