0 0.136621 0.758775 0.273242 0.408877
0 0.054753 0.485357 0.109506 0.163347
0 0.476906 0.360900 0.113154 0.137013
0 0.561631 0.660623 0.205199 0.364873
0 0.467582 0.244776 0.046456 0.048284
0 0.393240 0.274284 0.047503 0.064277
0 0.622240 0.455109 0.111891 0.177839
0 0.430280 0.261727 0.040678 0.057748
0 0.181226 0.379688 0.122109 0.146848
0 0.276573 0.329125 0.079116 0.104517
0 0.655529 0.282718 0.037900 0.061330
0 0.555326 0.206131 0.029809 0.038118
0 0.640241 0.224362 0.024959 0.036378
0 0.344966 0.299817 0.059681 0.068122