0 0.053182 0.487769 0.106364 0.164279
0 0.362078 0.477365 0.180919 0.219156
0 0.481037 0.324906 0.085361 0.104453
0 0.561275 0.659377 0.204668 0.361558
1 0.124099 0.503469 0.062689 0.160891
0 0.654600 0.282304 0.035394 0.061540
0 0.201264 0.359201 0.093870 0.097191
0 0.430247 0.261061 0.034713 0.058517
0 0.466553 0.245021 0.044032 0.044977
0 0.393018 0.273663 0.047932 0.061331
0 0.622714 0.456880 0.112368 0.179289
0 0.575097 0.249649 0.039240 0.046999
1 0.124953 0.522421 0.063013 0.123493
0 0.345248 0.298886 0.056277 0.070615
0 0.148710 0.406697 0.085349 0.089440